JobID
88706
88707
88708
88709
88710
88711
88712
88714
88715
88716
88717
88718
88719
88720
88721
88722
88723
88724
88725
88726
88727
88728
88729
88730
88733
88734
88735
88736
88737
88738
88739
88740
88741
88742
88743
88744
88745
88746
88747
88748
88749
88750
88751
88752
88753
88754
88755
88756
88757
88758
88759
88760
88761
88762
88763
88764
88765
88766
88767
88768
88769
88770
88771
88772
88773
88774
88775
88776
88778
88779
88780
88781
88782
88783
88784
88785
88786
88787
88788
88789
88790
88791
88792
88793
88794
88795
88796
88797
88798
88799
88800
88801
88802
88803
88804
88805
88806
88807
88808
88810
88811
88812
88813
88814
88815
88816
88817
88818
88819
88820
88821
88822
88823
88824
88825
88826
88827
88828
88829
88830
88831
88832
88833
88834
88835
88836
88837
88838
88839
88840
88841
88842
88843
88844
88845
88846
88847
88848
88849
88850
88851
88852
88853
88854
88855
88856
88857
88858
88859
88860
88861
88862
88863
88864
88865
88866
88867
88869
88870
88871
88872
88874
88875
88878
88879
88880
88881
88882
88883
88884
88885
88886
88887
88888
88889
88891
88892
88893
88894
88895
88896
88897
88898
88899
88900
88901
88902
88903
88904
88905
88906
88907
88908
88909
88910
88911
88912
88913
88914
88915
88916
88918
88919
88920
88922
88923
88925
88926
88936
88937
88938
88939
88940
88941
88943
88944
88945
88946
88947
88948
88949
88950
88951
88952
88953
88954
88955
88956
88957
88958
88959
88960
88961
88962
88963
88965
88966
88967
88968
88969
88970
88971
88972
88973
88974
88975
88976
88977
88978
88979
88980
88982
88983
88984
88985
88986
88987
88988
88989
88990
88991
88993
88994
88995
88996
88997
88998
88999
89000
89001
89002
89004
89005
89006
89007
89008
89009
89010
89011
89012
89013
89014
89015
89016
89017
89018
89019
89020
89021
89023
89024
89025
89026
89027
89028
89029
89030
89031
89032
89033
89034
89035
89036
89037
89038
89040
89041
89042
89043
89044
89045
89046
89047
89049
89050
89051
89052
89053
89054
89055
89056
89057
89058
89059
89060
89061
89062
89063
89064
89065
89066
89067
89069
89070
89071
89072
89074
89075
89076
89077
89078
89079
89080
89081
89082
89083
89084
89086
89087
89088
89089
89090
89091
89092
89093
89094
89095
89096
89097
89098
89099
89100
89101
89102
89103
89105
89106
89107
89108
89109
89110
89111
89112
89113
89114
89115
89116
89117
89118
89119
89121
89122
89123
89126
89127
89128
89129
89130
89131
89132
89133
89134
89135
89136
89138
89139
89140
89141
89142
89144
89145
89146
89147
89148
89150
89151
89152
89153
89154
89155
89156
89158
89159
89160
89161
89162
89163
89164
89165
89166
89167
89168
89169
89171
89172
89173
89175
89176
89177
89178
89179
89180
89184
89185
89186
89187
89188
89189
89190
89191
89192
89193
89194
89195
89196
89197
89198
89199
89200
89201
89202
89203
89204
89205
89206
89207
89208
89209
89210
89211
89212
89213
89214
89215
89216
89217
89218
89219
89220
89221
89222
89224
89225
89226
89227
89228
89230
89231
89232
89233
89234
89235
89236
89237
89238
89241
89242
89243
89244
89245
89246
89247
89248
89249
89251
89252
89253
89254
89255
89256
89257
89259
89260
89261
89262
89263
89264
89265
89266
89267
89268
89269
89270
89271
89272
89273
89277
89278
89279
89280
89281
89282
89283
89284
89285
89286
89287
89288
89289
89290
89291
89292
89293
89295
89296
89297
89298
89299
89300
89301
89302
89303
89305
89306
89307
89308
89309
89310
89311
89312
89313
89314
89316
89317
89318
89319
89320
89321
89322
89323
89324
89325
89328
89329
89330
89331
89332
89333
89334
89335
89336
89337
89339
89340
89341
89342
89343
89344
89345
89346
89347
89348
89349
89350
89351
89354
89355
89356
89357
89358
89359
89360
89361
89362
89363
89364
89365
89366
89368
89369
89370
89371
89372
89373
89374
89375
89376
89377
89378
89379
89380
89381
89382
89383
89384
89385
89386
89387
89388
89389
89390
89393
89394
89395
89396
89397
89398
89399
89400
89401
89402
89404
89405
89406
89407
89408
89409
89413
89414
89415
89416
89418
89419
89420
89422
89423
89424
89425
89426
89427
89428
89429
89430
89431
89432
89433
89435
89439
89440
89441
89442
89443
89444
89445
89446
89448
89449
89450
89451
89452
89453
89454
89455
89457
89458
89459
89460
89461
89463
89464
89465
89466
89467
89468
89469
89471
89472
89473
89474
89476
89477
89478
89479
89480
89481
89482
89483
89485
89486
89487
89488
89489
89490
89491
89492
89493
89494
89495
89496
89497
89498
89501
89502
89503
89504
89505
89506
89507
89508
89509
89510
89511
89512
89513
89514
89515
89516
89517
89518
89519
89521
89522
89523
89524
89525
89526
89527
89528
89529
89530
89531
89532
89533
89534
89535
89536
89537
89541
89542
89543
89544
89545
89546
89548
89549
89550
89551
89552
89553
89554
89555
89556
89557
89558
89559
89560
89561
89562
89563
89565
89566
89567
89568
89569
89570
89571
89572
89573
89574
89575
89576
89577
89578
89579
89580
89581
89582
89583
89584
89586
89587
89588
89589
89591
89592
89593
89594
89595
89597
89598
89599
89600
89601
89602
89603
89604
89605
89606
89607
89608
89609
89610
89611
89612
89613
89614
89615
89616
89617
89618
89619
89622
89623
89624
89625
89626
89627
89628
89629
89630
89631
89632
89633
89634
89635
89636
89637
89638
89639
89640
89641
89642
89643
89644
89645
89646
89647
89648
89649
89650
89651
89652
89653
89654
89655
89656
89657
89658
89659
89660
89661
89662
89663
89664
89665
89668
89669
89670
89671
89672
89673
89674
89675
89676
89677
89678
89680
89681
89682
89683
89684
89685
89687
89688
89689
89690
89691
89692
89693
89694
89695
89696
89697
89698
89699
89700
89701
89702
89703
89704
89705
89706
89708
89709
89710
89711
89712
89714
89715
89716
89717
89718
89719
89721
89722
89723
89724
89725
89726
89728
89729
89730
89731
89732
89733
89737
89738
89739
89740
89741
89742
89743
89744
89745
89746
89747
89748
89749
89751
89752
89753
89754
89755
89756
89757
89759
89760
89761
89763
89764
89765
89766
89767
89768
89769
89770
89773
89774
89776
89777
89778
89779
89780
89781
89782
89783
89785
89786
89787
89788
89789
89790
89791
89792
89793
89794
89795
89796
89797
89798
89799
89800
89801
89802
89803
89805
89806
89807
89808
89809
89810
89811
89812
89813
89814
89815
89816
89817
89818
89819
89820
89821
89824
89825
89826
89827
89828
89829
89830
89831
89832
89833
89834
89836
89837
89838
89839
89840
89841
89842
89843
89847
89848
89849
89850
89851
89852
89854
89855
89859
89860
89861
89862
89863
89864
89865
89866
89867
89868
89869
89870
89871
89872
89873
89874
89875
89876
89877
89880
89881
89882
89883
89884
89885
89886
89887
89888
89889
89890
89891
89892
89893
89894
89895
89896
89897
89898
89899
89900
89901
89902
89903
89904
89905
89906
89907
89908
89909
89910
89911
89912
89914
89915
89916
89917
89918
89919
89920
89921
89922
89923
89924
89925
89926
89927
89928
89929
89930
89931
89932
89933
89934
89935
89936
89937
89938
89939
89940
89941
89942
89943
89944
89945
89946
89947
89948
89949
89950
89951
89952
89953
89954
89956
89957
89958
89959
89961
89962
89963
89964
89965
89966
89967
89968
89969
89970
89971
89972
89973
89974
89975
89976
89977
89978
89979
89980
89981
89982
89983
89984
89985
89986
89988
89989
89990
89991
89992
89993
89994
89995
89996
89997
89998
89999
90000
90001
90002
90003
90004
90005
90007
90008
90009
90010
90011
90012
90015
90016
90017
90018
90019
90020
90021
90022
90023
90024
90025
90026
90027
90028
90030
90031
90032
90033
90034
90035
90036
90037
90038
90039
90041
90042
90043
90044
90045
90046
90047
90049
90050
90051
90052
90053
90054
90055
90058
90059
90060
90061
90062
90063
90064
90066
90067
90068
90069
90070
90071
90072
90073
90075
90076
90077
90078
90079
90081
90082
90083
90084
90085
90086
90087
90088
90089
90090
90091
90092
90093
90096
90097
90098
90099
90100
90101
90102
90103
90105
90106
90107
90108
90110
90111
90112
90113
90114
90115
90116
90117
90119
90120
90121
90122
90123
90124
90125
90126
90127
90128
90129
90130
90131
90132
90133
90135
90136
90137
90138
90139
90140
90142
90143
90144
90145
90146
90147
90149
90150
90151
90152
90156
90157
90158
90159
90160
90161
90162
90164
90165
90166
90167
90168
90169
90170
90172
90173
90174
90175
90177
90178
90179
90180
90181
90182
90183
90185
90186
90187
90188
90190
90191
90192
90193
90194
90195
90196
90197
90199
90200
90201
90202
90203
90204
90205
90206
90207
90208
90209
90210
90211
90212
90213
90214
90215
90216
90217
90218
90221
90222
90223
90224
90226
90227
90228
90229
90231
90232
90233
90234
90235
90237
90240
90241
90242
90243
90244
90245
90246
90247
90248
90249
90250
90252
90253
90254
90257
90258
90259
90260
90261
90262
90263
90264
90265
90266
90267
90268
90270
90271
90272
90273
90274
90277
90278
90279
90280
90281
90282
90283
90284
90285
90286
90288
90289
90290
90291
90292
90293
90294
90296
90297
90298
90299
90300
90301
90302
90303
90305
90306
90307
90308
90309
90310
90311
90312
90313
90315
90316
90317
90318
90321
90322
90323
90324
90325
90326
90328
90329
90330
90331
90332
90333
90334
90335
90336
90337
90338
90339
90340
90341
90342
90344
90345
90346
90347
90348
90349
90350
90354
90357
90358
90359
90360
90361
90362
90363
90364
90365
90366
90367
90368
90369
90370
90371
90372
90373
90374
90375
90377
90378
90379
90380
90381
90382
90383
90384
90386
90387
90388
90389
90390
90391
90392
90393
90395
90396
90397
90398
90399
90401
90402
90403
90404
90405
90406
90408
90409
90410
90411
90412
90413
90414
90415
90416
90417
90421
90422
90423
90424
90425
90426
90427
90428
90429
90430
90431
90432
90433
90434
90437
90438
90439
90440
90441
90442
90443
90444
90445
90446
90447
90448
90449
90450
90451
90453
90454
90455
90456
90457
90458
90459
90460
90461
90462
90463
90464
90465
90466
90468
90469
90470
90471
90472
90475
90476
90477
90480
90481
90482
90483
90484
90485
90486
90487
90489
90490
90491
90492
90493
90494
90496
90497
90498
90499
90500
90502
90503
90504
90505
90506
90508
90509
90510
90511
90512
90513
90514
90515
90516
90517
90518
90519
90520
90523
90524
90525
90526
90527
90529
90530
90531
90533
90534
90535
90536
90537
90538
90539
90540
90541
90542
90543
90544
90545
90546
90547
90548
90549
90550
90551
90552
90553
90554
90555
90556
90557
90558
90559
90563
90564
90565
90566
90567
90568
90569
90570
90573
90574
90575
90576
90577
90578
90579
90580
90582
90583
90584
90585
90586
90589
90590
90591
90592
90593
90596
90597
90598
90599
90600
90601
90602
90603
90604
90606
90607
90608
90609
90610
90611
90612
90613
90614
90615
90617
90618
90619
90621
90622
90623
90624
90625
90626
90627
90628
90629
90630
90631
90635
90636
90637
90638
90639
90640
90641
90642
90644
90645
90646
90647
90648
90649
90650
90652
90653
90654
90655
90656
90657
90658
90659
90660
90662
90663
90664
90665
90666
90667
90668
90669
90670
90671
90672
90673
90674
90676
90677
90678
90679
90680
90681
90682
90683
90684
90685
90686
90687
90688
90689
90690
90691
90693
90694
90697
90698
90699
90700
90701
90702
90703
90704
90705
90706
90707
90708
90710
90711
90712
90713
90714
90715
90716
90717
90718
90720
90721
90722
90723
90724
90725
90726
90727
90728
90729
90730
90731
90732
90733
90734
90735
90736
90737
90738
90739
90740
90741
90742
90743
90744
90745
90746
90747
90748
90749
90750
90751
90752
90753
90754
90755
90756
90757
90758
90759
90760
90761
90762
90763
90764
90766
90767
90768
90769
90770
90771
90773
90774
90775
90776
90777
90779
90780
90781
90782
90783
90784
90786
90787
90788
90789
90790
90791
90792
90793
90794
90795
90796
90797
90798
90799
90800
90801
90802
90803
90804
90805
90806
90807
90808
90809
90810
90811
90812
90813
90814
90815
90816
90817
90818
90819
90820
90821
90822
90823
90825
90826
90827
90828
90829
90830
90831
90832
90833
90834
90835
90836
90837
90838
90839
90840
90841
90842
90845
90846
90847
90848
90849
90850
90852
90853
90854
90855
90856
90857
90858
90861
90862
90863
90864
90865
90866
90867
90868
90869
90870
90872
90873
90874
90875
90876
90877
90878
90879
90880
90882
90883
90884
90885
90886
90887
90888
90889
90890
90891
90892
90893
90894
90895
90896
90897
90898
90900
90901
90902
90903
90905
90906
90907
90908
90909
90910
90912
90913
90914
90915
90916
90918
90919
90920
90921
90923
90924
90925
90926
90928
90929
90930
90931
90932
90933
90934
90936
90937
90938
90939
90940
90941
90942
90943
90944
90945
90946
90949
90950
90951
90952
90953
90954
90955
90956
90957
90958
90960
90961
90962
90963
90964
90965
90966
90967
90968
90969
90970
90971
90972
90973
90974
90975
90976
90977
90978
90979
90980
90982
90984
90985
90986
90987
90988
90989
90991
90992
90993
90994
90995
90996
90997
90998
90999
91000
91001
91002
91003
91004
91005
91006
91007
91008
91009
91010
91011
91012
91013
91014
91015
91016
91017
91018
91019
91020
91021
91022
91023
91025
91026
91027
91028
91029
91030
91031
91032
91033
91034
91035
91036
91037
91038
91040
91041
91042
91043
91044
91045
91047
91048
91049
91050
91051
91052
91053
91054
91055
91057
91058
91059
91060
91061
91062
91063
91064
91065
91066
91068
91069
91070
91071
91072
91073
91074
91075
91076
91077
91078
91081
91082
91083
91084
91085
91086
91087
91088
91089
91090
91091
91092
91093
91094
91095
91096
91098
91099
91100
91101
91102
91103
91104
91105
91106
91107
91108
91109
91110
91111
91112
91114
91115
91116
91117
91118
91119
91120
91121
91122
91123
91124
91126
91127
91128
91129
91130
91131
91132
91133
91134
91135
91136
91137
91138
91140
91141
91142
91143
91144
91145
91146
91147
91148
91149
91150
91151
91152
91153
91154
91155
91156
91158
91159
91160
91161
91162
91163
91164
91166
91167
91168
91170
91172
91173
91174
91175
91178
91179
91180
91181
91182
91183
91184
91185
91186
91187
91188
91189
91190
91192
91193
91194
91195
91196
91197
91198
91200
91201
91202
91203
91204
91205
91206
91207
91208
91209
91210
91211
91212
91213
91214
91215
91216
91218
91219
91220
91221
91222
91223
91224
91225
91226
91227
91228
91229
91230
91231
91232
91233
91234
91235
91236
91237
91238
91239
91240
91241
91242
91243
91244
91245
91246
91247
91248
91249
91250
91252
91253
91254
91255
91256
91257
91258
91259
91260
91261
91263
91265
91266
91267
91268
91270
91271
91272
91273
91274
91275
91276
91277
91279
91280
91281
91282
91283
91284
91285
91286
91288
91289
91290
91291
91292
91293
91294
91295
91296
91297
91298
91299
91300
91301
91303
91304
91305
91306
91307
91308
91309
91310
91311
91312
91313
91314
91315
91316
91317
91320
91321
91322
91323
91324
91325
91326
91327
91328
91329
91330
91331
91332
91333
91334
91335
91336
91337
91338
91339
91340
91341
91342
91343
91344
91345
91347
91348
91349
91350
91351
91352
91353
91354
91355
91356
91357
91359
91360
91361
91362
91363
91364
91365
91366
91367
91368
91369
91370
91371
91372
91374
91375
91376
91377
91378
91379
91380
91381
91382
91383
91384
91385
91387
91388
91389
91390
91391
91392
91393
91394
91395
91396
91397
91398
91399
91400
91401
91402
91403
91404
91405
91407
91408
91409
91410
91411
91412
91413
91414
91415
91416
91417
91420
91421
91422
91423
91424
91425
91426
91427
91428
91429
91430
91431
91432
91433
91434
91435
91436
91437
91438
91439
91440
91441
91442
91444
91445
91446
91447
91448
91449
91450
91451
91452
91453
91454
91457
91458
91460
91461
91462
91463
91464
91465
91466
91467
91468
91469
91470
91471
91472
91473
91474
91477
91478
91479
91480
91481
91482
91483
91484
91485
91486
91487
91488
91489
91490
91491
91493
91494
91495
91496
91497
91498
91499
91500
91502
91503
91504
91505
91506
91507
91508
91509
91510
91511
91512
91513
91514
91518
91519
91520
91521
91522
91523
91524
91525
91527
91528
91530
91533
91534
91536
91537
91538
91539
91540
91541
91542
91543
91544
91545
91546
91549
91550
91551
91553
91554
91555
91556
91557
91558
91559
91564
91565
91566
91568
91569
91570
91571
91573
91575
91578
91579
91580
91582
91583
91584
91586
91587
91588
91589
91590
91592
91594
91595
91596
91601
91602
91603
91607
91608
91610
91611
91612
91613
91615
91616
91617
91618
91620
91621
91622
91623
91625
91626
91629
91630
91631
91633
91634
91635
91636
91637
91638
91639
91640
91644
91645
91646
91648
91649
91650
91651
91652
91653
91654
91655
91656
91659
91660
91662
91663
91664
91665
91667
91669
91670
91673
91674
91675
91676
91678
91679
91680
91681
91682
91683
91684
91686
91687
91688
91690
91691
91692
91694
91695
91696
91697
91700
91701
91703
91704
91705
91706
91707
91709
91711
91712
91714
91718
91719
91720
91721
91722
91723
91724
91725
91726
91727
91729
91731
91733
91736
91738
91740
91742
91743
91745
91746
91747
91748
91749
91750
91751
91752
91753
91754
91755
91757
91758
91759
91760
91761
91762
91764
91766
91768
91771
91772
91774
91776
91778
91779
91780
91781
91782
91783
91784
91785
91786
91787
91789
91790
91791
91793
91794
91802
91803
91805
91807
91808
91809
91812
91813
91814
91815
91817
91818
91820
91821
91823
91824
91825
91826
91827
91828
91829
91830
91831
91834
91835
91837
91838
91840
91841
91843
91844
91845
91846
91847
91848
91849
91850
91851
91854
91855
91856
91858
91859
91861
91862
91863
91864
91865
91866
91867
91868
91869
91872
91873
91874
91875
91877
91878
91880
91881
91883
91884
91885
91886
91887
91888
91890
91892
91895
91896
91897
91899
91900
91902
91904
91905
91906
91908
91909
91910
91911
91912
91913
91914
91915
91922
91923
91924
91928
91929
91930
91932
91933
91934
91935
91937
91938
91939
91940
91941
91943
91944
91945
91949
91950
91951
91953
91954
91955
91956
91957
91959
91960
91961
91962
91963
91965
91968
91969
91971
91972
91974
91975
91976
91977
91978
91979
91980
91981
91983
91984
91985
91988
91989
91990
91999
92000
92002
92003
92004
92005
92008
92009
92010
92012
92013
92014
92015
92017
92018
92019
92020
92023
92024
92025
92027
92028
92029
92030
92031
92032
92033
92034
92038
92039
92041
92042
92044
92045
92046
92047
92050
92051
92053
92054
92056
92057
92059
92060
92062
92063
92065
92066
92067
92068
92071
92072
92073
92074
92075
92077
92078
92079
92080
92081
92082
92084
92085
92086
92087
92088
92089
92091
92092
92094
92095
92096
92097
92099
92100
92101
92102
92103
92104
92105
92106
92107
92108
92109
92110
92112
92113
92115
92116
92118
92119
92121
92123
92125
92126
92127
92129
92131
92133
92135
92136
92137
92138
92139
92140
92141
92142
92143
92144
92145
92146
92147
92148
92149
92150
92151
92152
92153
92154
92155
92156
92157
92158
92159
92160
92161
92162
92163
92164
92165
92166
92167
92168
92169
92171
92173
92174
92176
92178
92180
92182
92183
92184
92185
92186
92187
92188
92189
92190
92191
92192
92193
92194
92195
92196
92197
92198
92199
92200
92201
92202
92203
92204
92205
92206
92207
92208
92210
92213
92214
92215
92216
92217
92218
92219
92220
92221
92222
92223
92224
92225
92226
92227
92228
92229
92230
92231
92232
92233
92234
92235
92236
92237
92238
92239
92240
92242
92243
92244
92245
92246
92247
92248
92249
92250
92251
92252
92253
92254
92255
92256
92258
92259
92260
92261
92262
92263
92264
92265
92266
92267
92268
92269
92270
92271
92272
92273
92274
92275
92276
92277
92278
92279
92280
92281
92282
92283
92284
92285
92286
92288
92289
92290
92291
92292
92293
92294
92295
92296
92297
92299
92300
92301
92302
92303
92304
92305
92306
92310
92311
92312
92313
92314
92315
92316
92317
92318
92319
92321
92322
92323
92324
92325
92326
92327
92330
92331
92332
92333
92334
92335
92336
92338
92339
92340
92341
92342
92344
92345
92346
92347
92348
92349
92350
92351
92352
92353
92354
92355
92356
92358
92359
92360
92361
92362
92363
92366
92367
92368
92370
92371
92372
92373
92374
92378
92379
92380
92381
92382
92383
92385
92386
92387
92388
92389
92390
92391
92392
92393
92394
92395
92396
92397
92399
92400
92401
92402
92403
92404
92405
92406
92407
92408
92409
92410
92411
92412
92413
92414
92415
92417
92418
92419
92420
92421
92422
92423
92425
92426
92427
92428
92430
92431
92434
92435
92436
92437
92438
92439
92440
92441
92442
92443
92445
92446
92447
92448
92449
92450
92451
92452
92453
92454
92455
92456
92457
92459
92460
92461
92462
92463
92464
92465
92466
92468
92469
92470
92471
92472
92473
92474
92475
92478
92479
92480
92481
92482
92483
92484
92485
92486
92487
92488
92490
92491
92492
92493
92494
92495
92498
92499
92500
92501
92502
92503
92505
92506
92507
92508
92509
92510
92511
92512
92513
92516
92517
92518
92519
92520
92521
92522
92523
92524
92525
92526
92528
92529
92530
92531
92532
92533
92534
92536
92537
92538
92539
92540
92541
92542
92543
92544
92547
92548
92549
92550
92551
92552
92553
92554
92555
92556
92558
92559
92560
92561
92562
92563
92564
92565
92566
92567
92568
92569
92570
92571
92573
92574
92575
92576
92577
92578
92579
92580
92581
92582
92583
92584
92585
92586
92587
92588
92589
92590
92591
92592
92593
92594
92595
92596
92597
92598
92599
92600
92601
92602
92603
92605
92606
92607
92608
92609
92610
92611
92612
92613
92614
92615
92616
92617
92618
92621
92622
92623
92624
92625
92626
92627
92628
92629
92631
92632
92633
92634
92635
92636
92637
92638
92640
92641
92642
92643
92644
92645
92646
92647
92648
92649
92651
92652
92653
92654
92655
92656
92657
92658
92659
92661
92662
92663
92664
92665
92666
92667
92669
92670
92671
92672
92673
92674
92675
92676
92677
92678
92679
92680
92683
92684
92685
92686
92687
92688
92689
92690
92691
92692
92693
92694
92695
92696
92698
92699
92700
92701
92702
92703
92704
92705
92706
92708
92709
92710
92711
92713
92714
92715
92716
92717
92718
92719
92720
92721
92722
92723
92724
92725
92726
92727
92730
92731
92732
92733
92734
92735
92736
92737
92738
92739
92740
92741
92742
92743
92744
92745
92746
92747
92748
92749
92750
92751
92752
92753
92754
92755
92756
92757
92758
92759
92760
92761
92762
92763
92764
92765
92766
92767
92768
92769
92770
92771
92772
92773
92774
92775
92776
92777
92781
92782
92783
92784
92785
92786
92787
92788
92789
92790
92792
92793
92794
92795
92796
92797
92798
92799
92800
92801
92802
92803
92804
92805
92806
92807
92809
92810
92811
92812
92813
92814
92815
92817
92818
92819
92820
92821
92822
92824
92825
92826
92828
92829
92830
92831
92832
92833
92834
92835
92836
92837
92838
92840
92841
92842
92843
92844
92846
92847
92848
92849
92850
92851
92853
92854
92855
92856
92857
92858
92859
92860
92861
92863
92864
92865
92867
92868
92869
92870
92871
92872
92873
92874
92875
92876
92877
92878
92879
92881
92882
92884
92886
92887
92888
92889
92890
92891
92892
92893
92894
92895
92896
92897
92898
92899
92900
92901
92902
92903
92905
92906
92908
92909
92911
92912
92913
92914
92915
92917
92918
92919
92920
92921
92922
92923
92924
92925
92926
92927
92928
92929
92930
92931
92932
92933
92934
92935
92936
92937
92938
92939
92940
92941
92942
92943
92944
92946
92947
92948
92949
92950
92951
92952
92953
92954
92955
92956
92957
92958
92959
92960
92961
92962
92963
92964
92965
92966
92967
92968
92969
92970
92971
92973
92974
92975
92976
92977
92978
92979
92980
92981
92982
92983
92984
92985
92986
92987
92988
92989
92990
92991
92992
92993
92994
92995
92996
92997
92998
92999
93000
93001
93002
93003
93004
93005
93006
93007
93008
93009
93010
93011
93012
93013
93014
93015
93016
93017
93018
93019
93020
93021
93022
93023
93025
93026
93027
93028
93029
93030
93032
93033
93034
93035
93036
93037
93038
93039
93040
93044
93045
93046
93048
93049
93050
93051
93052
93053
93054
93055
93057
93058
93059
93060
93061
93062
93063
93064
93067
93068
93069
93070
93071
93072
93073
93074
93075
93076
93077
93079
93080
93081
93083
93085
93087
93088
93091
93092
93093
93094
93095
93096
93097
93098
93099
93100
93101
93102
93104
93105
93106
93107
93108
93109
93110
93111
93112
93113
93114
93115
93116
93117
93119
93120
93121
93122
93123
93124
93125
93126
93127
93128
93129
93130
93131
93132
93133
93134
93135
93136
93137
93138
93139
93140
93142
93143
93144
93145
93146
93147
93148
93149
93150
93151
93152
93153
93154
93155
93156
93157
93158
93159
93160
93161
93162
93163
93164
93165
93167
93168
93169
93170
93171
93172
93174
93175
93176
93177
93178
93179
93180
93181
93182
93183
93184
93185
93186
93187
93188
93189
93190
93191
93193
93194
93195
93196
93197
93198
93199
93200
93201
93202
93203
93207
93208
93209
93210
93212
93213
93214
93215
93216
93217
93220
93221
93222
93223
93225
93226
93227
93228
93229
93230
93231
93233
93235
93236
93237
93238
93239
93240
93241
93242
93243
93244
93246
93247
93248
93249
93251
93252
93253
93254
93255
93256
93257
93258
93259
93260
93261
93262
93263
93264
93265
93266
93268
93269
93270
93271
93275
93276
93277
93278
93279
93280
93281
93283
93284
93285
93286
93287
93288
93289
93290
93291
93292
93294
93295
93296
93297
93298
93299
93300
93301
93302
93303
93306
93307
93308
93309
93310
93311
93312
93314
93315
93316
93317
93318
93319
93322
93323
93324
93325
93326
93327
93328
93329
93330
93332
93333
93334
93335
93336
93337
93338
93339
93340
93341
93343
93344
93345
93346
93347
93348
93350
93351
93352
93353
93355
93356
93357
93358
93361
93362
93363
93364
93365
93366
93368
93369
93370
93371
93372
93373
93374
93375
93378
93379
93380
93381
93382
93383
93384
93385
93387
93388
93389
93390
93391
93392
93393
93394
93395
93396
93397
93398
93399
93400
93401
93402
93403
93404
93405
93406
93407
93408
93411
93412
93413
93414
93416
93417
93418
93419
93420
93421
93422
93423
93424
93425
93426
93427
93430
93431
93432
93433
93434
93435
93436
93437
93438
93439
93440
93441
93442
93443
93444
93445
93446
93447
93448
93449
93451
93452
93453
93454
93455
93456
93457
93459
93460
93461
93462
93463
93464
93465
93466
93467
93468
93469
93470
93471
93472
93473
93474
93475
93738
93739
93740
93741
93742
93743
93744
93745
93746
93747
93748
93749
93750
93751
93752
93753
93754
93755
93756
93757
93758
93759
93760