staffid
296
297
299
301
303
305
307
309
311
312
313
314
315
316
317
318
319
320
321
322
323
324
325
326
327
328
329
330
331
332
333
334
335
337
3416
3417
3418
3419
3420
3421
3422
3423
3426
3427
3428
3429
3430
3431
3432
3433
3434
3435
3436
3437
3438
3439
3440
3441
3442
3443
3444
3445
3448
3449
3450
3451
3452
3453
3454
3455
3618
3619
3620
3621
3622
3623
3624
3625
3626
3629
3630
3631
3632
3633
3634
3635
3636
3639
3640
3643
3644
3647
3648
3649
3650
3651
3652
3653
3654
3655
3656
3657
3658
3659
3660
3662
3663
3664
3665
3666
3667
3668
3669
3670
3671
3672
3673
3676
3677
3678
3681
3682
3683
3684
3685
3686
3688
3689
3690
3692
3693
3694
3695
3696
3697
3698
3699
12387
12388
12389
12390
12391
12392
12393
12394
12395
12396
12397
12398
12399
12400
12401
12402
12403
12404
12405
12406
12407
12408
12409
12410
12412
12413
12414
12415
12416
12418
12419
12420
12421
12422
12423
12425
12426
12427
12428
12429
12430
12431
12432
12433
12434
12435
12436
12437
12438
12439
12440
12441
12442
12443
12444
12445
12446
12447
12448
12449
12450
12456
12459
12460
12462
12463
12464
12465
12466
12467
12468
12469
12470
12471
12472
12473
12474
12475
12476
12477
12478
12479
12480
12481
12482
12485
12486
12488
12489
12490
12491
12492
12493
12495
12496
12497
12498
12500
12501
12503
12504
12505
12506
12507
12508
12509
12510
12511
12512
12513
12514
12515
12516
12517
12518
12519
12520
12521
12523
12524
12525
12526
12527
12528
12529
12530
12531
12532
12533
12534
12535
12536
12537
12538
12539
12540
12541
12542
12543
12544
12545
12546
12547
12548
12549
12550
12551
12552
12553
12554
12555
12556
12557
12558
12559
12560
12561
12562
12563
12564
12565
12566
12567
12569
12570
12571
12572
12573
12574
12575
12576
12577
12578
12579
12580
12581
12582
12583
12584
12585
12586
12587
12588
12589
12590
12591
12592
12593
12594
12595
12596
12597
12598
12599
12600
12601
12602
12603
12604
12605
12607
12608
12609
12610
12613
12615
12616
12617
12618
12619
12620
12621
12622
12623
12624
12625
12626
12627
12628
12629
12630
12631
12632
12633
12634
12635
12636
12637
12638
12639
12640
12641
12642
12643
12644
12645
12646
12647
12648
12649
12650
12651
12652
12653
12654
12655
12656
12657
12658
12659
12660
12661
12662
12663
12664
12665
12666
12667
12668
12669
12670
12671
12675
12676
12677
12678
12679
12680
12681
12683
12684
12686
12689
12690
12691
12692
12693
12696
12697
12698
12699
12700
12701
12702
12703
12704
12705
12706
12707
12708
12709
12710
12711
12712
12713
12714
12715
12716
12717
12718
12719
12720
12721
12724
12725
12726
12727
12728
12729
12730
12731
12732
12733
12734
12736
12737
12740
12743
12744
12745
12746
12747
12748
12749
12750
12751
12752
12753
12754
12755
12756
12757
12758
12759
12760
12761
12762
12763
12764
12765
12767
12769
12770
12775
12776
12777
12778
12780
12781
12783
12784
12785
12786
12787
12788
12789
12790
12791
12793
12794
12795
12796
12797
12799
12800
12802
12803
12804
12806
12807
12808
12811
12812
12813
12814
12815
12816
25427
25428
25429
25430
25431
25432
25433
25434
25435
25436
25437
25438
25439
25440
25441
25442
25443
25444
25445
25446
25447
25448
25449
25450
25451
25452
25453
25454
25455
25456
25457
25458
25459
25460
25461
25462
25463
25464
25465
25466
25467
25468
25469
25470
25471
25472
25473
25474
25475
25476
25477
25478
25479
25480
25481
25482
25483
25484
25485
25486
25487
25488
25489
25490
25491
25492
25493
25494
25495
25496
25497
25498
25499
25500
25501
25502
25503
25504
25505
25506
25507
25508
25509
25510
25511
25512
25513
25514
25515
25516
25517
25518
25519
25520
25521
25522
25523
25524
25525
25526
25527
25528
25529
25530
25531
25532
25533
25534
25535
25536
25537
25538
25539
25540
25541
25542
25543
25544
25545
25546
25547
25548
25549
25552
25553
25555
25556
25557
25558
25559
25560
25561
25562
25563
25564
25565
25566
25567
25568
25569
25570
25571
25572
25573
25574
25575
25576
25577
25578
25579
25581
25582
25583
25584
25585
25586
25587
25588
25589
25590
25591
25592
25594
25595
25596
25597
25598
25599
25600
25601
25602
25603
25604
25605
25606
25607
25608
25609
25610
25611
25612
25613
25614
25615
25616
25617
25618
25619
25620
25621
25622
25623
25624
25625
25626
25627
25628
25629
25630
25631
25632
25633
25634
25635
25636
25637
25638
25639
25640
25641
25642
25643
25644
25645
25646
25647
25648
25649
25650
25651
25652
25653
25654
25655
25656
25657
25658
25659
25661
25662
25663
25664
25665
25666
25667
25668
25669
25670
25671
25672
25673
25674
25675
25676
25677
25678
25679
25680
25691
25692
25693
25694
25695
25696
25697
25698
25699
25700
25702
25703
25704
25705
25706
25707
25708
25709
25710
25711
25712
25713
25714
25715
25716
25717
25718
25719
25720
25721
25722
25723
25724
25725
25726
25727
25728
25729
25730
25731
25732
25733
25734
25735
25736
25737
25738
25739
25740
25741
25742
25743
25744
25745
25746
25747
25748
25749
25750
25751
25752
25753
25754
25755
25756
25757
25758
25759
25761
25762
25763
25764
25765
25766
25767
25768
25769
25770
25771
25772
25773
25774
25775
25776
25777
25779
25780
25781
25782
25783
25784
25785
25786
25787
25788
25789
25791
25792
25793
25794
25795
25796
25797
25798
25799
25800
25801
25802
25803
25804
25805
25806
25807
25808
25809
25810
25811
25812
25813
25814
25815
25816
25817
25818
25820
25821
25822
25824
25825
25826
25827
25828
25829
25830
25831
25832
25834
25836
25837
25838
25839
25840
25842
25843
25846
25851
25852
25853
25854
25855
25858
25859
25860
25861
25862
25863
25864
25865
25867
25868
25869
25872
25873
25874
25875
25876
25877
25878
25880
25881
25882
25883
25884
25885
25886
25888
25889
25890
25891
25893
25894
25895
25896
25898
25899
25900
25901
25902
25903
25904
25905
25909
25910
25911
25912
25913
25914
25915
25917
25918
25919
25920
25921
25922
25923
25924
25925
25926
25927
25928
25929
25930
25931
25932
25933
25934
25935
25936
25937
25938
25940
25941
25942
25943
25944
25945
25946
25947
25948
25949
25950
25951
25952
25953
25954
25956
25957
25958
25960
25962
25963
25964
25965
25966
25967
25968
25969
25971
25972
25973
25974
25975
25976
25978
25979
25980
25981
25982
25983
25984
25985
25986
25988
25989
25990
25991
25992
25993
25994
25995
25996
25997
25998
26000
26001
26003
26004
26005
26006
26007
26008
26009
26010
26011
26012
26013
26014
26015
26017
26018
26019
26020
26021
26022
26023
26024
26025
26026
26027
26028
26029
26030
26031
26032
26033
26034
26036
26040
26041
26042
26043
26044
26045
26046
26047
26048
26051
26052
26053
26054
26055
26056
26057
26058
26059
26060
26061
26062
26063
26064
26065
26066
34724
34725
34726
34727
34728
34729
34730
34731
34732
34733
34734
34735
34736
34737
34738
34740
34742
34743
34744
34745
34746
34747
34748
34749
34750
34751
34752
34753
34754
34755
34756
34757
34758
34759
34760
34761
34762
34763
34764
34765
34766
34767
34768
34769
34770
34771
34772
34773
34774
34775
34776
34777
34778
34779
34780
34782
34783
34784
34786
34787
34788
34789
34790
34791
34792
34793
34794
34795
34796
34797
34798
34799
34800
34803
34804
34806
34807
34808
34809
34814
34815
34816
34817
34819
34821
34822
34823
34824
34825
34826
34828
34829
34830
34831
34832
34833
34835
34836
34837
34838
34839
34840
34841
34842
34843
34846
34847
34848
34849
34850
34851
34852
34853
34854
34855
34857
34858
34859
34860
34861
34862
34864
34865
34866
34868
34870
34871
34872
34874
34875
34876
34878
34880
34881
38718
38719
38720
38721
38722
38723
38724
38725
38726
38727
38728
38729
38730
38731
38732
38733
38734
38735
38736
38737
38738
38739
38740
38741
38742
38743
38744
38745
38746
38747
38748
38749
38750
38751
38752
38753
38754
38755
38756
38757
38758
38759
38760
38761
38762
38763
38764
38765
38766
38767
38768
38769
38770
38771
38772
43057
52118
52127
52133
52136
52137
52138
65118
65165
65250
65350
65351
65569
65582
65584
65585
65588
65589
65590
65595
65598
65601
65612
65622
65667
65706
65730
65739
74568
74572
74573
74587
74589
74600
78563
78564
78566
78567
78570
78577
78583
78585
78586
78594
78597
78598
78600
120337
120339
123496
132553
132563
132682
132694
132723
132794
132799
132808
132820
132842
132887
132919
145760
145763
145767
145771
145778
145813
145850
145888
145943
145961
146019
146040
146190
155138
155141
155142
155143
155147
155192
155204
155207
159083
159106
161701
164784
164789
165002
165011
165013
165014
165016
173610
173614
173624
173634
173645
173651
173680
173688
173690
173691
173692
173693
173694
173695
173696
173697
173841
173865
173866
173867
173868
173869
173870
173871
173872
173873
173874
173875
173876
173877
173878
173879
173880
173881
173882
173883
173884
173885
173886
173887
173888
173889
173891
173906
173930
186099
186151
186176
186393
186504
186515
186530
186590
186689
195396
195495
199553
199557
298666
307467
307469
307470
307480
307481
307482
307483
307484
307486
307497
307532
307566
307723
307749
307775
307791
307804
307807
307811
307819
320330
320378
320392
320439
320446
320467
320486
320524
320554
320555
320700
320702
320703
320726
320849
320947
320966
329671
329675
329729
347332
347485
347486
347488
360130
360588
374577
374579
374581
374587
374589
374607
378067
378068
387211
387216
387239
399859
399935
400012
400016
400022
400334
400361
400386
408919
408952
408983
408991
417866
417884
417897
439733
439739
439997
440042
440225
440234
448865
454320
454321
457799
457804
457810
457811
457813
457820
457821
466644
466646
466659
466666
466670
466793
466833
466859
466904
466990
466994
467041
479638
479648
479728
479859
488808
493180
493193
494347
494348
506972
519921
519966
520236
520303
534406
534407
546910
560347
560386
587279
587353
600013
600016
600201
627501
640652
667654
667655
667763
667803
667839
680532
680600
680738
680878
708013
708028
708037
708051
708267
720963
720964
721001
721185
721201
721208
721215
721512
730275
735838
748555
748556
748557
748558
748559
748560
748561
748562
748563
748564
748565
748566
748567
748568
748569
748570
748578
761336
761426
761522
779597
779622
789059
789069
789105
789136
801811
801834
802048
802073
802161
802220
802241
802380
816879
829637
829652
829836
842721
842784
842883
843039
851955
860977
870350
870378
870387
870411
870417
870435
883142
883268
883276
883685
883698
883736
883738
883739
892654
892680
1298990
1298991
1298992
1298993
1298994
1298995
1301157
1301162
1301163
1301418
1301424
1301427
1301435
1301436
1309791
1309798
1309801
1309803
1309810
1309815
1309819
1309830
1309831
1309833
1309834
1309835
1309846
1309848
1309850
1309852
1309856
1309858
1309859
1309862
1309866
1309869
1309871
1309874
1309875
1309904
1309914
1309918
1309919
1309923
1309924
1309925
1309926
1309929
1309931
1309936
1309938
1309940
1309945
1309948
1309949
1309950
1309951
1309953
1309956
1309959
1309963
1309965
1309970
1309971
1309976
1309982
1309984
1309986
1309988
1309994
1310006
1310011
1310169
1310191
1310252
1322457
1322503
1322506
1322526
1322574
1322605
1322623
1322670
1322671
1322736
1322768
1322773
1322797
1322799
1322826
1322848
1322852
1322869
1322880
1322911
1322912
1322940
1322947
1322948
1322963
1322989
1322990
1323003
1323019
1323022
1323032
1323039
1323040
1332090
1332091
1332178
1336441
1501433
1501434
1514868
1514873
1524259
1529193
1529195
1694323
1694587
1694636
1706934
1706983
1720811
1875038
1877452
1885815
1885962
1885994
1898496
1898596
1898614
1907979
1959909
1959910
1962325
1962328
1962331
1971015
1983579
1983615
1983706
1983742
1983757
1983821
1983865
1992964
1993036
1993058
1993111
1997234
1997241
2000575
2000584
2000783
2000784
2000836
2009465
2009472
2009545
2009561
2009681
2009682
2021875
2021913
2021943
2021969
2031176
2031279
2039218
2047728
2047749
2047842
2048034
2060351
2060424
2060594
2060615
2069674
2069817
2077556
2086021
2086130
2086194
2086277
2086281
2108299
2124671
2124695
2124702
2124741
2124758
2124904
2137403
2137481
2137482
2137547
2137729
2147390
2174808
2174809
2174813
2174926
2174932
2187727
2187861
2197438
2205546
2214274
2214282
2214289
2214290
2214328
2214333
2214363
2214476
2214500
2214618
2226954
2226959
2227027
2227053
2227311
2227397
2227472
2227474
2236571
2236673
2236681
2240887
2240896
2240904
2240907
2240908
2240912
2240922
2240952
2240955
2240956
2240957
2280774
2282954
2283191
2304399
2304483
2304484
2304485
2314256
2330624
2369557
2369639
2369768
2369769
2369771
2382481
2382772
2392165
2392204
2399715
2408516
2408517
2408594
2408747
2421592
2439052
2447919
2447945
2447946
2447949
2447951
2447952
2447953
2460539
2460542
2460545
2460550
2460555
2460556
2470480
2470522
2474828
2487031
2487133
2487142
2499644
2499645
2509549
2509557
2543508
2556465
2556506
2556740
2582650
2582657
2582833
2583024
2583110
2595596
2595657
2595688
2595710
2595747
2595799
2595801
2595840
2595854
2610877
2621736
2621743
2622044
2622052
2634914
2649561
2649565
2660168
2660179
2660376
2660561
2660562
2660563
2660564
2660565
2660566
2660567
2660568
2660569
2660570
2660571
2660572
2660573
2660574
2660575
2660576
2660577
2660578
2660579
2660580
2660581
2660582
2660583
2660585
2660586
2660587
2660588
2660589
2660590
2660597
2660603
2660604
2660605
2660606
2673020
2673021
2673022
2673024
2673025
2673026
2673027
2673028
2673029
2673030
2673032
2673033
2673034
2673035
2673036
2673037
2673038
2673039
2673041
2673042
2673043
2673044
2673045
2673046
2673047
2673048
2673049
2673050
2673051
2673052
2673053
2673054
2673055
2673056
2673057
2673058
2673059
2673060
2673061
2673063
2673067
2673068
2673069
2673070
2673071
2673072
2673073
2673075
2673076
2673077
2673078
2673079
2673080
2673081
2673083
2673084
2673085
2673086
2673087
2673089
2673090
2673091
2673093
2673094
2673095
2673097
2673098
2673099
2673100
2673101
2673102
2673104
2673105
2673106
2682171
2682228
2682276
2682277
2682278
2682279
2682280
2682282
2682283
2682284
2682285
2682286
2682287
2682288
2682289
2682290
2682291
2682292
2682293
2682294
2682296
2682297
2682298
2682299
2682300
2682303
2682307
2682308
2682309
2682312
2682315
2682316
2682317
2682319
2682320
2682321
2682322
2682323
2682324
2682325
2682326
2682327
2682329
2682330
2682331
2682332
2682333
2682334
2682336
2682337
2682339
2682340
2682341
2682342
2682343
2682344
2682345
2682346
2682347
2682348
2682349
2682350
2682351
2682352
2682353
2682373
2688063
2698765
2698930
2698966
2711144
2711180
2711430
2711458
2711464
2711514
2721379
2721383
2721454
2721521
2785213
2795804
2795841
2795842
2795843
2795844
2795873
2795898
2795902
2795908
2795910
2795953
2795997
2796014
2796015
2796024
2808340
2808364
2808384
2808385
2808386
2808387
2808388
2808389
2808390
2808391
2808392
2808393
2808394
2808395
2808396
2808399
2808400
2808402
2808403
2808404
2808405
2808407
2808408
2808409
2808410
2808411
2808413
2808414
2808415
2808416
2808417
2808418
2808420
2808422
2808423
2808424
2808425
2808426
2808427
2808428
2808429
2808431
2808433
2808434
2808436
2808437
2808563
2808566
2808678
2818394
2818400
2818406
2818407
2818549
2818550
2818551
2818553
2818560
2818600
2818601
2818602
2818604
2818605
2818606
2818607
2818608
2818609
2818610
2818611
2818612
2818613
2818614
2818615
2818616
2818617
2818618
2818619
2818620
2818621
2818622
2818623
2818624
2818625
2818626
2818627
2818628
2818629
2818630
2818631
2818632
2818633
2818634
2818635
2818636
2818637
2818638
2818639
2818640
2818641
2822963
2822979
2822985
2823036
2823052
2823057
2826316
2826317
2834716
2834731
2834765
2834766
2834767
2834768
2834769
2834770
2834771
2834772
2834773
2834774
2834775
2834776
2834777
2834778
2834779
2834780
2834781
2834782
2834783
2834784
2834786
2834787
2834788
2834789
2834790
2834791
2834792
2834793
2834794
2834795
2834797
2834798
2834799
2834800
2834801
2834803
2834844
2847107
2847108
2847145
2847421
2847444
2856980
2857003
2857154
2857167
2861486
2864649
2864672
2873188
2873245
2873249
2873323
2873324
2873325
2873369
2873370
2873371
2873372
2873377
2873378
2873380
2873381
2873383
2873384
2873385
2873386
2873476
2873490
2885764
2885815
2886130
2886158
2895908
2895909
2895910
2895911
2895912
2895914
2895915
2895916
2895917
2895918
2895919
2895920
2895921
2895922
2895923
2896047
2900198
2900200
2900202
2900995
2900996
2903286
2903294
2903498
2911949
2911989
2912036
2912042
2912050
2912095
2924417
2924473
2924479
2924516
2924820
2924825
2924906
2934498
2934520
2934657
2938862
2938863
2939606
2939607
2950554
2950573
2950591
2962966
2963059
2963235
2963350
2972730
2972985
2973035
2973040
2977326
2977332
2988810
2988829
2988831
3001087
3001088
3001331
3001447
3011047
3011108
3011109
3011499
3015871
3015882
3019004
3019253
3019257
3019259
3019261
3019262
3019272
3027520
3027576
3027625
3027626
3027655
3027660
3027690
3027730
3027739
3027747
3027762
3027765
3027771
3027776
3027790
3027792
3027796
3027820
3027891
3027895
3039809
3039815
3039830
3039884
3039897
3040061
3040181
3040232
3040245
3040258
3040259
3040260
3047814
3048049
3048071
3048077
3048078
3048089
3048093
3048109
3051266
3051291
3051311
3051323
3051368
3062961
3062977
3062994
3063001
3063002
3083072
3083143
3083175
3083223
3083269
3086487
3086534
3086605
3097969
3098105
3098216
3098252
3118544
3121753
3124960
3133310
3133325
3133334
3133347
3133348
3133352
3133353
3133358
3133361
3133373
3133453
3133454
3133465
3133517
3133524
3145521
3145522
3145599
3145647
3145741
3145879
3157660
3157671
3180714
3188715
3188857
3188973
3192332
3195237
3195238
3195239
3195240
3195241
3195242
3195243
3195244
3195245
3195246
3195247
3195248
3195249
3195250
3195251
3195252
3195282
3195529
3203854
3203956
3204033
3216051
3216052
3216128
3216165
3216557
3224139
3224158
3227537
3227553
3227554
3227555
3227556
3227558
3227559
3227560
3227561
3227562
3227563
3227619
3230497
3239149
3239156
3251343
3259290
3259314
3259428
3259429
3265747
3274114
3274234
3274317
3274443
3294476
3294504
3294535
3298053
3309400
3309552
3309553
3321728
3321928
3321937
3321938
3321939
3321944
3321949
3321955
3321956
3321958
3321960
3321961
3329803
3336050
3344431
3344437
3344446
3344452
3344533
3344607
3357039
3357303
3357349
3365087
3365251
3365254
3365347
3368748
3379896
3380086
3380102
3380119
3380133
3391912
3391972
3392183
3392188
3392195
3392228
3392231
3392232
3392233
3392253
3392254
3392257
3392259
3392260
3392261
3392262
3392308
3392309
3392310
3392311
3400185
3400238
3400241
3400318
3400319
3400353
3404255
3404257
3406617
3414783
3414887
3414971
3426380
3426461
3426780
3426790
3426803
3426811
3426818
3426819
3426829
3426852
3426853
3426857
3426858
3426859
3426860
3426877
3434667
3434724
3434725
3434756
3434807
3434896
3434943
3434959
3434964
3434970
3434995
3435004
3438635
3449984
3450076
3450078
3450169
3470404
3470407
3470428
3470429
3470467
3470468
3470471
3476965
3485011
3485198
3485199
3485210
3485220
3485302
3485303
3497218
3497311
3497332
3497342
3497347
3497363
3505150
3505319
3505456
3505457
3508678
3508700
3509503
3511794
3511925
3519976
3520094
3520174
3520175
3531870
3531971
3532179
3540056
3540231
3540263
3540383
3544243
3546514
3546548
3546775
3554772
3554781
3554855
3554858
3566617
3566637
3566774
3566903
3566961
3566976
3566977
3574975
3575054
3581616
3581619
3589630
3589739
3589748
3589770
3589855
3601906
3601926
3609777
3609983
3609993
3613888
3613899
3624357
3624361
3624367
3624498
3624543
3624618
3624677
3624683
3624729
3636471
3636650
3636653
3636763
3636885
3644724
3644784
3644851
3644918
3644959
3644965
3648114
3648834
3648835
3659457
3659530
3659564
3659617
3659619
3671394
3671505
3671526
3671589
3671597
3671632
3679689
3679708
3679720
3683097
3686293
3694401
3694402
3694405
3694409
3694452
3694486
3694520
3706146
3706243
3714396
3714406
3714462
3717892
3717927
3720915
3729098
3729243
3740988
3741057
3741185
3741341
3741350
3741361
3741362
3741376
3749337
3749356
3749374
3749433
3749449
3749473
3749511
3752795
3752851
3756061
3764072
3764074
3764083
3764085
3764099
3764266
3764277
3764278
3775990
3776042
3776069
3776265
3784528
3787660
3788382
3799003
3799126
3811103
3811119
3811125
3811141
3811142
3811153
3811159
3811160
3811192
3811194
3819139
3819140
3819196
3819200
3819231
3819319
3819435
3819443
3822539
3822547