staffid1	staffid2
298	374576
299	374577
300	374578
301	374579
311	374589
312	165014
312	457804
312	1298990
313	1298991
322	12684
325	494347
326	494348
332	65588
334	816879
3417	1301157
3435	2137481
3619	2077556
3622	2873323
3623	2796014
3624	2796015
3625	860977
3625	2873324
3626	2873325
3630	173610
3630	2439052
3636	1309971
3648	2721521
3649	1962328
3650	2834766
3651	2834782
3654	2834798
3655	2834803
3656	2834772
3658	2834801
3663	457811
3667	1301424
3671	1301427
3682	378067
3684	3019272
3685	1301435
3686	1301436
3688	3124960
3688	3581616
3693	2009682
3696	2009681
12391	466646
12392	1309798
12407	3195243
12416	1309819
12433	123496
12433	1301163
12433	1309856
12433	3019004
12436	1309858
12438	1309859
12440	1309862
12449	1309866
12462	2873369
12463	2873370
12464	2873371
12466	2873372
12467	2808409
12468	2460556
12468	2808433
12468	2808434
12469	2873378
12470	2873386
12472	2808385
12473	2808387
12474	2808388
12478	2808390
12479	2808391
12481	2808392
12482	2808399
12486	2808400
12489	2808403
12490	2808402
12491	2818630
12492	1309904
12492	2808404
12500	2808407
12500	3051291
12504	1309982
12506	173651
12514	1309923
12515	1309919
12517	1309918
12518	1309924
12525	1309931
12528	1309929
12529	173690
12530	173634
12530	546910
12530	1309986
12530	3133361
12531	1309988
12532	12559
12539	1309994
12542	3133310
12544	1309940
12550	1309953
12550	3133325
12553	1309956
12559	12532
12561	1309970
12562	3203854
12566	1309976
12573	1309948
12575	1309951
12575	2682287
12576	1309950
12580	1309936
12618	829637
12637	164784
12655	417897
12669	307723
12684	12684
12692	2447946
12714	2673047
12716	2682307
12721	3470429
12726	12787
12737	2009561
12740	2795910
12745	3216128
12747	173868
12749	173870
12750	173872
12757	173880
12759	173881
12762	2660376
12763	883698
12764	2487133
12778	870435
12786	25836
12787	12726
12790	65585
12791	65582
12795	12795
12795	25909
12799	2583110
12802	3321949
12803	1322989
12803	3775990
12806	2834844
12811	2214618
25428	2895909
25431	2895911
25433	2895910
25434	2895914
25436	2895915
25437	2895917
25438	2236571
25438	2895918
25439	2895919
25440	3133373
25441	2895921
25442	2808384
25443	2818600
25445	2818601
25448	2818605
25449	2818607
25450	2818608
25452	3717927
25454	2818610
25455	2818611
25456	2808393
25457	2808389
25458	2818616
25459	3365254
25460	2818617
25461	2818618
25462	2818619
25463	2818620
25464	2818621
25466	2818623
25467	2818624
25468	2818625
25470	2818627
25472	2818628
25474	2818631
25475	2818632
25476	2818633
25483	2808405
25501	2818638
25503	2818640
25504	2808408
25504	3380086
25505	2682308
25506	2808411
25507	2808414
25508	2808415
25508	3216165
25510	2808417
25511	2808436
25512	2808437
25513	2873377
25514	2873380
25514	3694452
25515	2447951
25515	2873381
25516	2447953
25517	2873384
25518	2873385
25519	2934657
25521	2682350
25522	2808420
25524	2808423
25525	2808425
25526	25526
25527	2808428
25528	2460545
25528	2808422
25561	320467
25574	2460555
25574	3039884
25576	2818560
25583	2137403
25584	2447952
25587	145850
25600	145961
25621	320947
25650	145943
25692	145888
25707	3048077
25717	2137547
25726	3434943
25727	802220
25727	829836
25728	1323039
25738	1310252
25738	3392188
25765	146019
25773	440042
25777	1322799
25787	1322797
25802	146040
25803	65706
25813	320700
25836	12786
25839	2187861
25842	1322869
25854	186515
25854	3636653
25860	3531971
25861	186504
25861	2963235
25867	3497342
25869	186530
25875	1322768
25883	3776069
25893	65569
25893	1322880
25903	2886130
25905	65612
25911	1322912
25912	1322911
25913	65589
25914	65590
25919	65595
25922	65601
25923	65598
25937	1322948
25938	3497332
25944	1322940
25965	2595799
25968	2595801
25973	721208
25978	3497347
25982	3497311
25986	2595840
25995	3321955
65569	25893
65569	1322880
65582	12791
65585	12790
65588	332
65589	25913
65590	25914
65595	25919
65598	25923
65601	25922
65612	25905
65706	25803
123496	12433
123496	1301163
123496	1309856
123496	3019004
145850	25587
145888	25692
145943	25650
145961	25600
146019	25765
146040	25802
164784	12637
165014	312
165014	457804
165014	1298990
173610	3630
173610	2439052
173634	12530
173634	546910
173634	1309986
173634	3133361
173651	12506
173690	12529
173868	12747
173870	12749
173872	12750
173880	12757
173881	12759
186504	25861
186504	2963235
186530	25869
307723	12669
320467	25561
320700	25813
320947	25621
374576	298
374577	299
374578	300
374579	301
374589	311
378067	3682
417897	12655
440042	25773
457804	312
457804	165014
457804	1298990
457811	3663
466646	12391
494347	325
494348	326
546910	12530
546910	173634
546910	1309986
546910	3133361
721208	25973
802220	25727
802220	829836
816879	334
829637	12618
829836	25727
829836	802220
860977	3625
860977	2873324
870435	12778
883698	12763
1298990	312
1298990	165014
1298990	457804
1298991	313
1301157	3417
1301163	12433
1301163	123496
1301163	1309856
1301163	3019004
1301424	3667
1301427	3671
1301435	3685
1301436	3686
1309798	12392
1309819	12416
1309856	12433
1309856	123496
1309856	1301163
1309856	3019004
1309858	12436
1309859	12438
1309862	12440
1309866	12449
1309904	12492
1309904	2808404
1309918	12517
1309919	12515
1309923	12514
1309924	12518
1309929	12528
1309931	12525
1309936	12580
1309940	12544
1309948	12573
1309950	12576
1309951	12575
1309951	2682287
1309953	12550
1309953	3133325
1309956	12553
1309970	12561
1309971	3636
1309976	12566
1309982	12504
1309986	12530
1309986	173634
1309986	546910
1309986	3133361
1309988	12531
1309994	12539
1310252	25738
1310252	3392188
1322768	25875
1322797	25787
1322799	25777
1322869	25842
1322880	25893
1322880	65569
1322911	25912
1322912	25911
1322940	25944
1322948	25937
1322989	12803
1322989	3775990
1323039	25728
1962328	3649
2009561	12737
2009681	3696
2009682	3693
2077556	3619
2137403	25583
2137481	3435
2137547	25717
2187861	25839
2214618	12811
2236571	25438
2236571	2895918
2439052	3630
2439052	173610
2447946	12692
2447951	25515
2447951	2873381
2447952	25584
2447953	25516
2460545	25528
2460545	2808422
2460555	25574
2460555	3039884
2460556	12468
2460556	2808433
2460556	2808434
2487133	12764
2583110	12799
2595799	25965
2595801	25968
2595840	25986
2660376	12762
2673047	12714
2673101	3648
2673101	12762
2673101	12806
2673101	1322990
2682287	12575
2682287	1309951
2682307	12716
2682308	25505
2682350	25521
2721521	3648
2795910	12740
2796014	3623
2796015	3624
2808384	25442
2808385	12472
2808387	12473
2808388	12474
2808389	25457
2808390	12478
2808391	12479
2808392	12481
2808393	25456
2808399	12482
2808400	12486
2808402	12490
2808403	12489
2808404	12492
2808404	1309904
2808405	25483
2808407	12500
2808407	3051291
2808408	25504
2808409	12467
2808411	25506
2808414	25507
2808415	25508
2808415	3216165
2808417	25510
2808420	25522
2808422	25528
2808422	2460545
2808423	25524
2808425	25525
2808426	2808426
2808428	25527
2808433	12468
2808433	2460556
2808433	2808434
2808434	12468
2808434	2460556
2808434	2808433
2808436	25511
2808437	25512
2818560	25576
2818600	25443
2818601	25445
2818605	25448
2818607	25449
2818608	25450
2818610	25454
2818611	25455
2818616	25458
2818617	25460
2818618	25461
2818619	25462
2818620	25463
2818621	25464
2818623	25466
2818624	25467
2818625	25468
2818627	25470
2818628	25472
2818630	12491
2818631	25474
2818632	25475
2818633	25476
2818638	25501
2818640	25503
2834766	3650
2834772	3656
2834782	3651
2834798	3654
2834801	3658
2834803	3655
2834844	12806
2873323	3622
2873324	3625
2873324	860977
2873325	3626
2873369	12462
2873370	12463
2873371	12464
2873372	12466
2873377	25513
2873378	12469
2873380	25514
2873380	3694452
2873381	25515
2873381	2447951
2873384	25517
2873385	25518
2873386	12470
2886130	25903
2895909	25428
2895910	25433
2895911	25431
2895914	25434
2895915	25436
2895917	25437
2895918	25438
2895918	2236571
2895919	25439
2895921	25441
2934657	25519
2963235	25861
2963235	186504
3019004	12433
3019004	123496
3019004	1301163
3019004	1309856
3019272	3684
3039884	25574
3039884	2460555
3048077	25707
3051291	12500
3051291	2808407
3124960	3688
3124960	3581616
3133310	12542
3133325	12550
3133325	1309953
3133361	12530
3133361	173634
3133361	546910
3133361	1309986
3133373	25440
3195243	12407
3203854	12562
3216128	12745
3216165	25508
3216165	2808415
3321949	12802
3321955	25995
3365254	25459
3392188	25738
3392188	1310252
3434943	25726
3470429	12721
3497311	25982
3497332	25938
3497342	25867
3497347	25978
3531971	25860
3581616	3688
3581616	3124960
3694452	25514
3694452	2873380
3717927	25452
3775990	12803
3775990	1322989
3776069	25883